C:\Users\Administrator\PycharmProjects\mdvrp\venv\Scripts\python.exe C:\Users\Administrator\PycharmProjects\mdvrp\main_function.py 
[[50, 3, 17, 24, 12, 40, 16, 36, 14, 44, 43, 18, 39, 41], [51, 26, 47, 22, 6, 42, 23, 13, 5, 7, 25, 30, 0, 31, 10, 11, 46, 45], [52, 48, 37, 4, 9, 32, 38, 29, 33, 49, 15, 8], [53, 20, 28, 1, 21, 27, 2, 35, 34, 19]] 
 512.1339322701848
[[50, 12, 24, 17, 16, 4, 37, 48, 8, 28, 19, 34, 35, 2, 27, 21, 1, 15, 49, 20, 33, 29, 38, 9, 32, 44, 14, 36, 3, 40, 39, 18, 41, 43], [51, 26, 5, 47, 6, 42, 23, 13, 22, 25, 7, 30, 0, 31, 10, 45, 11, 46]] 
 525.5999955095834
[[76, 47, 44, 28, 29, 73, 27, 61, 0, 72, 21, 63, 41, 42, 40, 55, 22, 62, 32, 1, 67, 5, 16, 25, 74, 3, 66, 33, 45, 51, 26, 12, 56, 14, 4, 46, 20, 60, 68, 35, 70, 59, 69, 19, 36], [77, 57, 9, 37, 64, 65, 10, 6, 34, 7, 53, 18, 58, 13, 52], [78, 39, 11, 50, 15, 48, 23, 17, 8, 38, 71, 30, 54, 24, 49, 31, 43, 2]] 
 624.3321389788478
[[101, 27, 28, 33, 34, 32, 29, 31, 30, 46, 35, 45, 44], [101, 19, 8, 2, 26, 17, 7, 6, 47, 18, 10, 9, 0], [100, 74, 55, 66, 54, 57, 59, 60, 58, 56, 73, 71, 72, 1], [100, 96, 91, 97, 99, 90, 85, 83, 84, 92, 98, 95, 88, 93, 94, 86, 3], [100, 39, 52, 36, 43, 37, 42, 41, 40, 38, 24, 53, 25], [100, 21, 22, 23, 11, 12, 5, 4, 16, 15, 13, 14, 20], [101, 51, 68, 49, 67, 50, 65, 64, 63, 62, 61], [101, 69, 89, 70, 80, 77, 78, 76, 79, 75, 82, 81, 48, 87]] 
 1408.2859105405742
[[100, 4, 5, 17, 6, 30, 26, 12, 14, 42, 41, 36, 9, 31, 10, 18, 47, 7, 16, 37, 13, 43, 15, 44, 45, 35, 46], [101, 53, 55, 66, 54, 77, 80, 70, 64, 65, 69, 68, 52, 57, 72, 73, 74, 71, 75, 76, 78, 67, 79], [101, 11, 2, 8, 34, 33, 28, 23, 24, 38, 22, 40, 21, 39, 0, 29, 19, 50, 32, 49, 27, 25, 20, 3], [100, 83, 60, 84, 58, 56, 51, 61, 62, 63, 48, 81, 82, 59], [100, 95, 93, 88, 89, 87, 85, 90, 99, 97, 91, 96, 86, 1, 94, 98, 92]] 
 1201.7368458501712
[[102, 8, 33, 34, 19, 31, 9, 30, 26, 27, 2, 32, 29, 10, 18, 35, 46, 47, 6], [102, 69, 70, 64, 65, 62, 63, 48, 81, 87, 51, 68, 0, 49, 75, 76, 78, 77, 80, 50, 89, 61], [100, 41, 56, 14, 42, 13, 37, 43, 15, 36, 12, 5, 17, 7, 45, 44, 16], [100, 90, 85, 83, 82, 59, 4, 60, 84, 92, 91, 96, 86, 94, 93, 88, 95, 98, 58, 97, 99], [101, 71, 73, 72, 57, 52, 67, 79, 53, 54, 66, 55, 74], [101, 3, 20, 39, 1, 40, 21, 22, 38, 24, 23, 28, 11, 25]] 
 991.8190281303157
[[100, 4, 98, 58, 95, 5, 88, 17, 59, 83, 82, 7, 81, 47, 46, 35, 45, 44, 16, 85, 37, 43, 15, 60, 84, 90, 97, 92], [101, 53, 54, 24, 66, 38, 3, 23, 28, 33, 34, 77, 76, 11, 25, 27, 75, 32, 80, 78, 2, 67, 79], [102, 91, 36, 99, 1, 73, 74, 55, 22, 21, 40, 14, 42, 13, 41, 56, 72, 71, 20, 39, 52, 57, 12, 93, 94, 96, 86], [103, 19, 65, 64, 70, 8, 50, 49, 0, 68, 26, 51, 6, 87, 9, 61, 10, 18, 48, 63, 62, 89, 31, 29, 69, 30]] 
 802.0224505870679
[[250, 220, 190, 184, 210, 204, 228, 187, 181, 238, 191, 183, 217, 221, 242, 226, 209, 246, 244, 215, 199, 186, 211, 239, 235, 195, 198, 207, 245], [250, 45, 49, 40, 59, 19, 28, 50, 5, 36, 30, 32, 18, 33, 27, 34, 44, 13, 47, 22, 21, 43, 24, 48, 11, 60, 6], [249, 162, 169, 182, 172, 165, 185, 171, 189, 176, 192, 166, 188, 193, 167, 174, 175], [249, 156, 130, 147, 152, 145, 134, 138, 141, 137, 144, 153, 154, 161, 135, 146, 196, 149, 136, 194], [249, 1, 64, 65, 16, 126, 58, 14, 15, 2, 3, 7, 61, 10, 9, 12, 8, 124, 63], [249, 20, 67, 29, 17, 53, 26, 35, 52, 42, 55, 37, 38, 51, 31, 23, 39, 54, 46, 41, 57, 25, 56], [249, 100, 113, 120, 105, 111, 123, 114, 107, 121, 112, 102, 101, 122, 117], [249, 95, 75, 80, 99, 98, 69, 83, 74, 77, 79, 88, 82, 72, 68, 81], [249, 212, 208, 201, 206, 203, 213, 202, 216, 205, 219, 222, 200, 218, 214], [249, 223, 236, 248, 234, 240, 224, 237, 229, 247, 241, 225, 232, 230, 231, 233, 243, 227, 197], [250, 62, 86, 73, 89, 78, 71, 70, 66, 84, 85, 87, 76, 90], [250, 103, 4, 94, 118, 92, 97, 106, 93, 116, 91, 109, 108, 96, 104, 110, 115], [250, 119, 140, 139, 128, 129, 132, 0, 125, 131, 133, 142, 127], [250, 151, 143, 179, 164, 170, 168, 157, 158, 180, 177, 148, 159, 163, 178, 150, 173, 160, 155]] 
 18929.057177899012
[[251, 78, 4, 48, 11, 60, 89, 6, 24, 103, 73, 30, 70, 67, 32, 18, 71, 20, 99, 80, 114, 75, 107, 69, 98], [251, 184, 190, 132, 210, 129, 128, 220, 139, 140, 245, 163, 204, 137, 185, 171, 3, 144, 208, 243, 153, 154, 231, 201, 138, 0, 228, 230, 141, 233], [250, 56, 10, 130, 9, 12, 57, 64, 52, 123, 29, 17, 136, 63, 81, 61, 68, 111, 95, 72, 53, 26, 82, 35, 105, 120, 88, 8, 25, 113, 100, 124], [250, 192, 162, 194, 1, 169, 147, 229, 152, 166, 247, 188, 219, 149, 182, 216, 205, 227, 172, 203, 197, 165, 206, 212, 7, 189, 176, 236, 248, 223, 156, 234, 224, 240, 213, 237, 202], [249, 40, 28, 31, 39, 46, 41, 42, 37, 38, 36, 33, 34, 45, 43, 47, 44, 49], [249, 19, 50, 23, 126, 16, 5, 2, 122, 121, 14, 15, 125, 27, 21, 22, 119, 13, 118], [249, 93, 106, 97, 92, 94, 116, 109, 108, 96, 102, 112, 101, 117, 115, 110, 104], [249, 62, 87, 85, 90, 76, 86, 55, 65, 79, 77, 51, 58, 54, 83, 66, 74, 84, 91, 59], [249, 159, 173, 160, 178, 179, 164, 168, 170, 180, 161, 174, 167, 175, 158, 177], [249, 187, 181, 155, 143, 191, 183, 131, 157, 133, 146, 135, 145, 134, 151, 127, 142, 186, 150, 148], [249, 215, 199, 198, 207, 214, 196, 200, 209, 211, 217], [249, 225, 193, 222, 241, 232, 218, 242, 238, 235, 195, 239, 246, 244, 221, 226]] 
 11743.86136097667
[[249, 177, 209, 40, 108, 19, 226, 28, 96, 131, 170, 180, 91, 116, 110, 36, 115, 125, 109, 59, 157, 158, 133, 50, 66, 168, 242, 5, 164, 221, 84, 104], [250, 241, 37, 134, 83, 145, 41, 196, 79, 193, 112, 102, 167, 65, 55, 232, 14, 51, 218, 74, 161, 58, 38, 222, 42, 121, 117, 122, 214, 2, 15, 101, 175, 174, 46, 54, 16, 23, 39, 126, 146, 200, 77, 31, 225, 135], [252, 33, 62, 45, 92, 44, 106, 97, 13, 47, 22, 119, 21, 43, 73, 60, 89, 48, 11, 78, 18, 71, 32, 70, 30, 86, 90, 76, 49, 118, 34, 27, 6, 103, 24, 93, 85, 87, 94], [252, 128, 210, 184, 190, 132, 4, 129, 140, 173, 239, 211, 246, 186, 160, 215, 179, 151, 199, 198, 207, 245, 139, 220, 204, 228, 0, 163, 159, 235, 195, 142, 127, 178, 143, 183, 217, 148, 150, 244, 191, 238, 155, 181, 187], [251, 154, 141, 171, 185, 144, 153, 165, 194, 182, 149, 188, 166, 152, 147, 169, 1, 192, 156, 162, 176, 189, 172], [251, 243, 3, 208, 233, 231, 230, 201, 206, 212, 236, 248, 224, 240, 234, 223, 197, 203, 216, 229, 202, 213, 237, 247, 219, 205, 227], [251, 82, 95, 107, 114, 98, 138, 99, 137, 111, 123, 136, 120, 105, 88, 113, 100, 130, 124], [251, 17, 29, 69, 75, 7, 68, 61, 81, 10, 9, 56, 12, 57, 35, 64, 52, 53, 26, 8, 25, 63, 72, 80, 20, 67]] 
 8489.307326297192
[[249, 104, 131, 96, 226, 19, 108, 209, 40, 109, 59, 157, 28, 242, 15, 2, 214, 125, 115, 36, 164, 5, 168, 180, 170, 91, 177, 116, 110, 221, 84], [250, 77, 200, 31, 225, 232, 38, 42, 121, 222, 41, 196, 193, 79, 112, 102, 174, 135, 58, 161, 74, 218, 14, 101, 145, 122, 117, 134, 83, 51, 66, 50, 133, 158, 146, 126, 39, 23, 16, 54, 46, 167, 65, 55, 241, 37, 175], [251, 191, 217, 183, 238, 181, 94, 33, 187, 27, 155, 151, 199, 127, 142, 13, 97, 239, 76, 87, 150, 244, 159, 6, 245, 24, 140, 103, 73, 139, 163, 86, 34, 118, 93, 85, 148, 246, 211, 106, 173, 195, 47, 235, 22, 178, 160, 45, 215, 179, 62, 207, 198, 43, 119, 21, 44, 186, 92, 90, 49, 143], [253, 184, 71, 18, 190, 4, 132, 32, 233, 141, 67, 243, 208, 99, 3, 80, 185, 171, 20, 137, 210, 89, 128, 220, 129, 48, 11, 98, 69, 75, 153, 114, 144, 107, 154, 231, 230, 201, 138, 0, 228, 70, 30, 204, 60, 78], [252, 124, 63, 81, 61, 68, 111, 95, 72, 53, 26, 82, 64, 35, 57, 8, 25, 113, 100, 10, 9, 130, 56, 12, 88, 120, 105, 52, 123, 29, 17, 136], [252, 194, 1, 147, 192, 202, 213, 237, 166, 247, 188, 152, 182, 149, 219, 205, 227, 203, 197, 189, 7, 212, 165, 206, 172, 216, 229, 169, 162, 176, 236, 248, 156, 224, 240, 234, 223]] 
 4140.377896276328
[[80, 28, 36, 34, 26, 25, 33, 35, 27, 21, 29, 37, 22, 30, 38, 39, 31, 23, 20, 24, 32], [81, 63, 71, 79, 78, 70, 62, 77, 69, 61, 67, 75, 64, 72, 73, 65, 66, 74, 76, 68, 60], [81, 59, 51, 40, 43, 45, 53, 54, 46, 47, 55, 52, 44, 42, 50, 58, 57, 56, 48, 49, 41], [80, 12, 15, 14, 13, 11, 16, 17, 9, 10, 18], [80, 4, 1, 2, 8, 0, 3, 5, 19, 6, 7]] 
 6626.816138163271
[[80, 20, 28, 36, 34, 26, 25, 33, 37, 29, 21, 27, 35, 24, 32, 22, 30, 38, 39, 31, 23], [81, 62, 70, 78, 79, 71, 63, 60, 68, 76, 74, 66, 65, 73, 72, 64, 75, 67, 61, 69, 77], [81, 59, 51, 53, 45, 43, 40, 48, 56, 57, 49, 41, 42, 50, 58, 52, 44, 47, 55, 54, 46], [80, 12, 15, 14, 13, 11, 16, 17, 9, 10, 18], [80, 4, 2, 1, 8, 0, 5, 3, 19, 7, 6]] 
 5784.594394000759
[[80, 34, 26, 25, 33, 24, 32, 20, 28, 36, 39, 31, 23, 22, 30, 38, 37, 29, 21, 27, 35], [81, 77, 69, 61, 67, 75, 64, 72, 62, 70, 78, 79, 71, 63, 60, 68, 76, 74, 66, 73, 65], [81, 49, 41, 55, 58, 42, 52, 45, 59, 56, 53, 48, 51, 40, 43, 54, 50, 57, 47, 46, 44], [80, 15, 12, 14, 13, 11, 16, 9, 17, 10, 18], [80, 4, 6, 7, 19, 5, 3, 8, 0, 1, 2]] 
 6189.910003817536
[[161, 77, 69, 61, 53, 45, 43, 56, 64, 72, 57, 49, 41, 76, 68, 60, 52, 46, 75, 67, 59, 51, 40, 48, 65, 73, 74, 66, 58, 50, 42, 44, 47, 54, 62, 70, 78, 79, 71, 63, 55], [162, 81, 89, 97, 105, 113, 98, 90, 87, 86, 94, 102, 110, 118, 117, 109, 101, 93, 100, 116, 108, 84, 99, 107, 115, 112, 104, 96, 106, 114, 119, 111, 103, 95, 92, 82, 80, 88, 91, 85, 83], [163, 153, 137, 128, 120, 121, 122, 130, 129, 145, 136, 144, 152, 155, 147, 139, 123, 131, 138, 146, 154, 156, 148, 140, 132, 124, 127, 126, 125, 133, 141, 149, 157, 150, 158, 142, 135, 143, 151, 159, 134], [160, 37, 29, 21, 33, 25, 26, 34, 36, 28, 20, 22, 30, 32, 24, 27, 35, 38, 39, 31, 23], [160, 4, 16, 8, 0, 3, 5, 13, 11, 19, 17, 9, 1, 2, 10, 18, 12, 15, 7, 14, 6]] 
 7822.253541728291
[[161, 42, 41, 49, 57, 65, 73, 75, 67, 59, 51, 45, 53, 61, 69, 77, 43, 40, 48, 56, 64, 72, 78, 70, 62, 54, 52, 60, 68, 76, 74, 66, 58, 50, 44, 47, 55, 63, 71, 79, 46], [162, 87, 95, 103, 111, 119, 118, 110, 102, 94, 86, 83, 91, 99, 115, 107, 80, 81, 89, 82, 116, 108, 100, 92, 84, 88, 96, 104, 112, 97, 105, 113, 114, 106, 98, 90, 93, 101, 117, 109, 85], [163, 136, 128, 120, 138, 154, 146, 130, 122, 121, 129, 137, 145, 153, 132, 124, 127, 135, 142, 150, 158, 141, 149, 157, 155, 147, 139, 133, 134, 126, 125, 123, 131, 152, 144, 140, 148, 156, 159, 151, 143], [160, 22, 30, 38, 32, 24, 33, 25, 26, 34, 36, 28, 20, 35, 27, 21, 29, 37, 39, 31, 23], [160, 16, 8, 0, 3, 5, 13, 11, 19, 17, 9, 1, 2, 10, 18, 12, 4, 7, 15, 14, 6]] 
 6957.393940748638
[[161, 77, 69, 61, 53, 45, 43, 40, 48, 57, 65, 49, 47, 46, 54, 62, 70, 78, 75, 67, 59, 51, 56, 64, 72, 73, 74, 66, 58, 68, 76, 79, 71, 63, 55, 52, 60, 50, 44, 42, 41], [162, 83, 80, 88, 113, 105, 97, 89, 82, 84, 92, 100, 108, 87, 86, 94, 102, 85, 93, 101, 107, 99, 91, 81, 90, 98, 106, 114, 116, 119, 111, 103, 95, 96, 104, 112, 115, 109, 117, 118, 110], [163, 123, 152, 144, 136, 128, 120, 121, 129, 122, 130, 137, 145, 153, 155, 147, 139, 138, 146, 154, 148, 156, 159, 151, 143, 135, 140, 132, 124, 127, 126, 134, 142, 125, 131, 133, 141, 149, 157, 158, 150], [160, 37, 29, 21, 24, 32, 25, 33, 27, 35, 22, 30, 38, 39, 31, 23, 20, 28, 36, 34, 26], [160, 18, 10, 19, 11, 13, 5, 3, 16, 8, 0, 1, 2, 9, 17, 12, 4, 7, 15, 14, 6]] 
 7982.508519777235
[[240, 4, 12, 20, 28, 36, 215, 223, 231, 239, 34, 26, 18, 10, 2, 17, 25, 238, 230, 35, 27, 19, 11, 213, 221, 229, 237, 32, 15, 23, 31, 39, 30, 38, 37, 21, 13, 5, 3, 29, 22, 14, 6, 7, 214, 222, 33, 9, 1, 0, 8, 16, 24], [241, 41, 42, 44, 47, 55, 70, 78, 62, 54, 46, 72, 64, 56, 48, 40, 43, 51, 59, 45, 53, 61, 77, 69, 67, 75, 73, 65, 57, 49, 50, 52, 60, 58, 66, 74, 76, 68, 71, 79, 63], [242, 84, 82, 81, 89, 97, 105, 113, 90, 98, 106, 116, 108, 100, 92, 87, 94, 86, 85, 93, 99, 96, 104, 107, 115, 88, 80, 83, 102, 110, 118, 119, 111, 103, 95, 114, 194, 186, 170, 169, 177, 185, 193, 178, 196, 188, 180, 172, 160, 161, 162, 164, 167, 166, 165, 171, 163, 179, 187, 195, 168, 176, 184, 192, 112, 117, 109, 101, 91], [243, 124, 174, 182, 144, 136, 128, 120, 129, 137, 121, 122, 130, 175, 148, 156, 140, 132, 127, 125, 126, 134, 142, 150, 135, 143, 151, 159, 158, 157, 149, 133, 141, 155, 197, 152, 189, 181, 173, 147, 139, 131, 123, 183, 191, 199, 154, 146, 138, 145, 153, 198, 190], [245, 206, 207, 204, 202, 210, 201, 209, 217, 225, 233, 235, 227, 219, 211, 205, 203, 200, 208, 216, 224, 232, 218, 226, 234, 236, 228, 220, 212]] 
 14559.333162483264
[[240, 215, 223, 231, 34, 239, 26, 18, 10, 2, 1, 9, 17, 222, 214, 12, 7, 15, 14, 22, 30, 38, 39, 31, 23, 36, 28, 20, 237, 0, 8, 16, 221, 11, 3, 5, 13, 21, 29, 37, 19, 27, 35, 230, 238, 33, 25, 24, 32, 229, 213, 6, 4], [241, 50, 58, 66, 74, 76, 68, 60, 52, 42, 41, 77, 69, 61, 53, 49, 57, 73, 65, 75, 67, 59, 51, 45, 43, 40, 48, 56, 64, 72, 78, 79, 71, 63, 55, 47, 46, 54, 62, 70, 44], [242, 94, 110, 118, 102, 95, 103, 92, 84, 82, 86, 83, 99, 107, 115, 96, 88, 80, 81, 89, 91, 93, 109, 117, 101, 85, 87, 100, 108, 116, 111, 119, 90, 98, 106, 114, 194, 186, 178, 170, 177, 185, 193, 169, 161, 162, 164, 172, 180, 188, 196, 167, 166, 165, 187, 195, 179, 171, 160, 163, 168, 176, 184, 192, 112, 104, 113, 105, 97], [243, 124, 174, 136, 128, 120, 137, 145, 153, 198, 182, 155, 147, 139, 173, 181, 144, 152, 197, 189, 132, 135, 143, 159, 151, 156, 148, 140, 127, 126, 125, 133, 141, 149, 157, 158, 150, 142, 134, 123, 131, 183, 191, 199, 154, 146, 138, 130, 122, 121, 129, 190, 175], [245, 201, 235, 227, 219, 211, 205, 203, 200, 208, 216, 224, 232, 206, 207, 204, 212, 220, 236, 228, 210, 202, 209, 217, 225, 233, 234, 226, 218]] 
 14528.348298895318
[[240, 231, 239, 34, 26, 18, 223, 215, 12, 4, 7, 6, 27, 5, 3, 213, 221, 17, 9, 1, 2, 10, 25, 33, 238, 230, 35, 19, 11, 21, 13, 29, 37, 38, 30, 22, 14, 15, 23, 39, 31, 36, 28, 20, 222, 214, 0, 8, 16, 24, 32, 237, 229], [241, 44, 52, 60, 68, 76, 63, 71, 79, 78, 51, 40, 43, 45, 53, 61, 69, 77, 41, 42, 50, 58, 66, 74, 73, 75, 67, 59, 48, 56, 64, 72, 65, 57, 49, 54, 62, 70, 55, 47, 46], [242, 85, 94, 102, 110, 118, 101, 109, 117, 107, 115, 99, 91, 92, 116, 108, 100, 82, 84, 86, 93, 87, 95, 103, 119, 111, 114, 106, 98, 90, 97, 89, 81, 80, 105, 113, 194, 186, 178, 193, 177, 185, 170, 180, 172, 196, 188, 167, 164, 162, 160, 179, 195, 187, 171, 163, 165, 166, 161, 169, 168, 176, 184, 192, 112, 104, 96, 88, 83], [243, 191, 199, 154, 146, 138, 130, 137, 129, 122, 121, 120, 128, 145, 153, 198, 190, 183, 175, 147, 155, 149, 157, 141, 133, 139, 131, 123, 124, 143, 135, 132, 148, 156, 159, 151, 158, 150, 142, 134, 125, 126, 127, 140, 174, 182, 181, 189, 197, 152, 144, 136, 173], [245, 207, 206, 235, 227, 219, 211, 201, 204, 212, 220, 228, 236, 210, 202, 209, 217, 225, 232, 224, 216, 208, 200, 203, 205, 233, 234, 226, 218]] 
 15235.993307960956
[[360, 7, 15, 23, 39, 31, 38, 30, 6, 214, 222, 223, 231, 18, 9, 1, 32, 279, 271, 263, 255, 11, 3, 5, 13, 311, 4, 12, 20, 28, 36, 215, 239, 34, 26, 33, 238, 230, 292, 295, 303, 300, 308, 314, 24, 16, 8, 0, 290, 2, 10, 17, 25, 298, 306, 237, 229, 221, 213, 19, 27, 316, 35, 21, 29, 37, 319, 22, 14], [361, 61, 53, 45, 59, 67, 75, 356, 348, 340, 332, 330, 44, 52, 42, 41, 57, 50, 58, 66, 74, 65, 73, 49, 335, 343, 69, 77, 359, 351, 78, 70, 54, 46, 47, 60, 68, 76, 71, 79, 63, 55, 62, 346, 354, 72, 64, 56, 48, 40, 43, 51, 338], [363, 124, 197, 189, 181, 174, 156, 148, 140, 173, 145, 153, 137, 120, 128, 152, 136, 144, 198, 182, 175, 131, 125, 123, 126, 132, 127, 143, 135, 141, 149, 134, 142, 150, 133, 139, 147, 155, 157, 112, 104, 96, 88, 80, 83, 99, 107, 115, 117, 109, 101, 93, 102, 118, 110, 86, 91, 85, 95, 94, 87, 103, 111, 119, 116, 108, 100, 92, 98, 90, 84, 82, 81, 89, 97, 113, 158, 105, 106, 114, 159, 151, 183, 191, 199, 154, 146, 138, 130, 121, 122, 129, 190], [365, 250, 258, 266, 274, 232, 224, 216, 208, 203, 205, 200, 211, 227, 219, 235, 276, 268, 260, 252, 220, 228, 236, 226, 234, 218, 210, 202, 201, 209, 217, 233, 225, 212, 206, 207, 204], [367, 291, 307, 315, 299, 283, 284, 253, 313, 280, 272, 264, 256, 273, 265, 242, 249, 248, 257, 244, 247, 241, 240, 243, 245, 246, 251, 259, 267, 275, 187, 195, 160, 179, 171, 163, 165, 161, 167, 172, 166, 164, 180, 188, 196, 169, 193, 185, 194, 186, 178, 170, 162, 177, 168, 176, 184, 192, 281, 282, 289, 278, 305, 297, 288, 296, 269, 312, 304, 277, 261, 270, 262, 254, 286, 285, 287, 294, 302, 310, 293, 301, 309, 317, 352, 344, 336, 355, 328, 339, 331, 347, 325, 350, 349, 357, 341, 333, 358, 342, 321, 345, 320, 323, 334, 327, 326, 324, 322, 329, 337, 353, 318]] 
 21940.15834227504
[[360, 214, 222, 230, 238, 295, 303, 311, 319, 37, 29, 21, 5, 3, 13, 316, 308, 300, 292, 14, 6, 22, 30, 38, 7, 263, 221, 229, 4, 12, 20, 28, 39, 31, 23, 15, 36, 215, 223, 231, 239, 34, 26, 18, 10, 2, 1, 25, 33, 17, 9, 290, 298, 306, 24, 237, 279, 11, 19, 27, 35, 213, 8, 0, 16, 32, 314, 271, 255], [361, 41, 49, 335, 356, 45, 53, 61, 69, 77, 359, 351, 343, 340, 73, 65, 57, 50, 58, 66, 74, 68, 76, 79, 71, 63, 55, 78, 70, 62, 60, 52, 44, 42, 330, 338, 346, 354, 72, 64, 56, 48, 40, 43, 51, 59, 67, 75, 348, 332, 46, 54, 47], [363, 138, 130, 122, 121, 129, 137, 145, 182, 174, 175, 183, 199, 154, 146, 191, 190, 153, 198, 181, 123, 126, 124, 127, 135, 132, 148, 125, 131, 155, 133, 150, 142, 134, 139, 147, 141, 149, 157, 112, 104, 96, 88, 80, 85, 83, 91, 99, 107, 115, 117, 109, 101, 110, 102, 118, 93, 94, 86, 87, 95, 103, 119, 111, 116, 108, 100, 92, 81, 84, 82, 90, 98, 89, 97, 105, 113, 158, 143, 114, 106, 159, 151, 140, 156, 189, 197, 152, 144, 128, 120, 136, 173], [365, 235, 219, 211, 205, 203, 200, 208, 227, 260, 252, 201, 202, 204, 206, 207, 212, 220, 228, 236, 234, 226, 218, 210, 209, 217, 225, 233, 250, 258, 266, 274, 232, 224, 216, 276, 268], [367, 287, 284, 270, 278, 305, 297, 289, 281, 282, 272, 264, 256, 273, 265, 249, 241, 240, 247, 244, 242, 257, 248, 245, 246, 243, 251, 259, 267, 275, 195, 187, 179, 171, 165, 163, 160, 167, 161, 177, 193, 185, 188, 196, 180, 172, 164, 178, 186, 194, 170, 162, 166, 168, 169, 176, 184, 192, 304, 288, 280, 296, 313, 262, 254, 253, 286, 285, 291, 299, 315, 307, 312, 277, 269, 261, 283, 293, 294, 310, 302, 301, 309, 317, 352, 344, 336, 328, 321, 322, 325, 355, 347, 339, 331, 341, 349, 357, 333, 350, 358, 342, 326, 324, 327, 334, 323, 320, 329, 337, 345, 353, 318]] 
 21603.403068233754
[[360, 255, 263, 271, 16, 8, 0, 290, 2, 10, 18, 26, 34, 239, 231, 223, 215, 36, 28, 20, 4, 38, 295, 303, 319, 37, 311, 29, 21, 13, 3, 5, 11, 19, 27, 316, 292, 15, 7, 14, 23, 31, 39, 214, 222, 230, 238, 25, 33, 17, 1, 9, 298, 306, 314, 32, 279, 24, 237, 229, 221, 213, 35, 308, 300, 30, 22, 6, 12], [361, 351, 359, 77, 69, 61, 67, 346, 338, 330, 332, 73, 74, 66, 58, 50, 52, 42, 65, 57, 49, 41, 44, 46, 47, 55, 60, 68, 76, 63, 71, 79, 78, 70, 62, 343, 335, 340, 348, 356, 75, 59, 40, 48, 45, 53, 51, 43, 56, 64, 72, 354, 54], [363, 182, 146, 138, 130, 122, 137, 129, 128, 120, 121, 144, 189, 155, 147, 139, 131, 132, 140, 156, 143, 150, 142, 135, 134, 125, 133, 123, 127, 126, 124, 175, 183, 191, 154, 199, 141, 149, 157, 112, 99, 80, 88, 96, 104, 115, 107, 91, 93, 101, 117, 109, 110, 118, 102, 85, 83, 86, 94, 87, 119, 111, 103, 95, 108, 116, 100, 84, 92, 82, 81, 89, 97, 105, 113, 158, 90, 98, 114, 106, 151, 159, 148, 173, 181, 197, 152, 136, 145, 153, 198, 190, 174], [365, 266, 274, 232, 224, 216, 208, 200, 203, 205, 211, 219, 227, 235, 276, 268, 260, 252, 212, 220, 228, 236, 234, 226, 218, 210, 217, 225, 233, 258, 250, 209, 201, 202, 204, 207, 206], [367, 284, 262, 296, 288, 297, 289, 282, 281, 280, 272, 264, 265, 273, 257, 241, 240, 267, 256, 248, 249, 242, 244, 247, 246, 259, 243, 245, 251, 275, 195, 187, 165, 171, 168, 179, 163, 160, 162, 170, 164, 167, 166, 180, 172, 188, 196, 186, 194, 178, 169, 161, 185, 177, 193, 176, 184, 192, 312, 269, 277, 304, 261, 270, 254, 293, 309, 315, 307, 299, 291, 283, 253, 278, 305, 313, 286, 285, 294, 301, 302, 310, 318, 353, 344, 352, 317, 328, 336, 355, 347, 339, 331, 341, 349, 357, 333, 325, 320, 323, 326, 327, 334, 342, 358, 350, 324, 322, 321, 329, 337, 345, 287]] 
 21707.698188099865

Process finished with exit code 0
